#          time               [KKK-P]               [KK-PP]              [K-PP]
      0.20000000E+02       0.38024046E-01       0.17787990E-03       0.48862099E-09
      0.40000000E+02       0.73681786E-01       0.28434184E-02       0.26820637E-06
      0.60000000E+02       0.10695844E+00       0.13870948E-01       0.85581403E-05
      0.80000000E+02       0.13801736E+00       0.41848291E-01       0.91044241E-04
      0.10000000E+03       0.16701579E+00       0.97150441E-01       0.54111299E-03
      0.12000000E+03       0.19410526E+00       0.19118849E+00       0.22446289E-02
      0.14000000E+03       0.21943160E+00       0.33582707E+00       0.73008489E-02
      0.16000000E+03       0.24313474E+00       0.54295470E+00       0.19943340E-01
      0.18000000E+03       0.26534845E+00       0.82418752E+00       0.47812296E-01
      0.20000000E+03       0.28620008E+00       0.11906857E+01       0.10366504E+00
      0.22000000E+03       0.30581034E+00       0.16530645E+01       0.20767762E+00
      0.24000000E+03       0.32429322E+00       0.22213841E+01       0.39059160E+00
      0.26000000E+03       0.34175595E+00       0.29052109E+01       0.69810871E+00
      0.28000000E+03       0.35829908E+00       0.37137479E+01       0.11971542E+01
      0.30000000E+03       0.37401663E+00       0.46560443E+01       0.19849582E+01
      0.32000000E+03       0.38899634E+00       0.57413143E+01       0.32024039E+01
      0.34000000E+03       0.40331993E+00       0.69794192E+01       0.50538465E+01
      0.36000000E+03       0.41706342E+00       0.83816189E+01       0.78367312E+01
      0.38000000E+03       0.43029745E+00       0.99617794E+01       0.11985912E+02
      0.40000000E+03       0.44308768E+00       0.11738369E+02       0.18139513E+02
      0.42000000E+03       0.45549509E+00       0.13737834E+02       0.27234759E+02
      0.44000000E+03       0.46757633E+00       0.16000378E+02       0.40641039E+02
      0.46000000E+03       0.47938403E+00       0.18589907E+02       0.60327066E+02
      0.48000000E+03       0.49096706E+00       0.21610994E+02       0.89025481E+02
      0.50000000E+03       0.50237066E+00       0.25237012E+02       0.13027755E+03
      0.52000000E+03       0.51363649E+00       0.29753835E+02       0.18808739E+03
      0.54000000E+03       0.52480254E+00       0.35616705E+02       0.26570577E+03
      0.56000000E+03       0.53590278E+00       0.43482346E+02       0.36299557E+03
      0.58000000E+03       0.54696704E+00       0.54066473E+02       0.47265809E+03
      0.60000000E+03       0.55802200E+00       0.67564155E+02       0.57881189E+03
      0.62000000E+03       0.56909428E+00       0.82973788E+02       0.66466053E+03
      0.64000000E+03       0.58021355E+00       0.98808743E+02       0.72533968E+03
      0.66000000E+03       0.59141149E+00       0.11450746E+03       0.76743581E+03
      0.68000000E+03       0.60271896E+00       0.13023363E+03       0.79843846E+03
      0.70000000E+03       0.61416518E+00       0.14617398E+03       0.82262838E+03
      0.72000000E+03       0.62577821E+00       0.16240160E+03       0.84218666E+03
      0.74000000E+03       0.63758529E+00       0.17893562E+03       0.85836655E+03
      0.76000000E+03       0.64961313E+00       0.19577585E+03       0.87197887E+03
      0.78000000E+03       0.66188801E+00       0.21291390E+03       0.88358498E+03
      0.80000000E+03       0.67443591E+00       0.23033715E+03       0.89359013E+03
      0.82000000E+03       0.68728267E+00       0.24803051E+03       0.90229586E+03
      0.84000000E+03       0.70045400E+00       0.26597731E+03       0.90993188E+03
      0.86000000E+03       0.71397561E+00       0.28415986E+03       0.91667661E+03
      0.88000000E+03       0.72787324E+00       0.30255971E+03       0.92267088E+03
      0.90000000E+03       0.74217277E+00       0.32115786E+03       0.92802746E+03
      0.92000000E+03       0.75690017E+00       0.33993487E+03       0.93283770E+03
      0.94000000E+03       0.77208161E+00       0.35887094E+03       0.93717643E+03
      0.96000000E+03       0.78774341E+00       0.37794594E+03       0.94110552E+03
      0.98000000E+03       0.80391208E+00       0.39713944E+03       0.94467656E+03
      0.10000000E+04       0.82061423E+00       0.41643074E+03       0.94793292E+03
      0.10200000E+04       0.83787659E+00       0.43579884E+03       0.95091130E+03
      0.10400000E+04       0.85572587E+00       0.45522247E+03       0.95364293E+03
      0.10600000E+04       0.87418871E+00       0.47468006E+03       0.95615460E+03
      0.10800000E+04       0.89329150E+00       0.49414973E+03       0.95846936E+03
      0.11000000E+04       0.91306023E+00       0.51360931E+03       0.96060717E+03
      0.11200000E+04       0.93352027E+00       0.53303628E+03       0.96258538E+03
      0.11400000E+04       0.95469610E+00       0.55240781E+03       0.96441914E+03
      0.11600000E+04       0.97661103E+00       0.57170073E+03       0.96612173E+03
      0.11800000E+04       0.99928677E+00       0.59089154E+03       0.96770485E+03
      0.12000000E+04       0.10227431E+01       0.60995639E+03       0.96917879E+03
      0.12200000E+04       0.10469972E+01       0.62887114E+03       0.97055271E+03
      0.12400000E+04       0.10720633E+01       0.64761134E+03       0.97183471E+03
      0.12600000E+04       0.10979519E+01       0.66615225E+03       0.97303204E+03
      0.12800000E+04       0.11246690E+01       0.68446894E+03       0.97415113E+03
      0.13000000E+04       0.11522156E+01       0.70253630E+03       0.97519780E+03
      0.13200000E+04       0.11805867E+01       0.72032912E+03       0.97617722E+03
      0.13400000E+04       0.12097700E+01       0.73782218E+03       0.97709408E+03
      0.13600000E+04       0.12397459E+01       0.75499036E+03       0.97795259E+03
      0.13800000E+04       0.12704855E+01       0.77180876E+03       0.97875659E+03
      0.14000000E+04       0.13019507E+01       0.78825287E+03       0.97950953E+03
      0.14200000E+04       0.13340923E+01       0.80429868E+03       0.98021458E+03
      0.14400000E+04       0.13668503E+01       0.81992294E+03       0.98087461E+03
      0.14600000E+04       0.14001523E+01       0.83510331E+03       0.98149226E+03
      0.14800000E+04       0.14339139E+01       0.84981862E+03       0.98206996E+03
      0.15000000E+04       0.14680381E+01       0.86404907E+03       0.98260994E+03
      0.15200000E+04       0.15024156E+01       0.87777651E+03       0.98311428E+03
      0.15400000E+04       0.15369259E+01       0.89098468E+03       0.98358491E+03
      0.15600000E+04       0.15714375E+01       0.90365945E+03       0.98402364E+03
      0.15800000E+04       0.16058102E+01       0.91578903E+03       0.98443216E+03
      0.16000000E+04       0.16398968E+01       0.92736423E+03       0.98481208E+03
      0.16200000E+04       0.16735453E+01       0.93837862E+03       0.98516493E+03
      0.16400000E+04       0.17066023E+01       0.94882864E+03       0.98549217E+03
      0.16600000E+04       0.17389157E+01       0.95871374E+03       0.98579519E+03
      0.16800000E+04       0.17703381E+01       0.96803642E+03       0.98607533E+03
      0.17000000E+04       0.18007300E+01       0.97680217E+03       0.98633390E+03
      0.17200000E+04       0.18299634E+01       0.98501945E+03       0.98657213E+03
      0.17400000E+04       0.18579241E+01       0.99269952E+03       0.98679126E+03
      0.17600000E+04       0.18845147E+01       0.99985623E+03       0.98699245E+03
      0.17800000E+04       0.19096562E+01       0.10065058E+04       0.98717684E+03
      0.18000000E+04       0.19332892E+01       0.10126666E+04       0.98734554E+03
      0.18200000E+04       0.19553745E+01       0.10183586E+04       0.98749961E+03
      0.18400000E+04       0.19758932E+01       0.10236035E+04       0.98764008E+03
      0.18600000E+04       0.19948455E+01       0.10284237E+04       0.98776793E+03
      0.18800000E+04       0.20122496E+01       0.10328427E+04       0.98788410E+03
      0.19000000E+04       0.20281400E+01       0.10368841E+04       0.98798949E+03
      0.19200000E+04       0.20425653E+01       0.10405719E+04       0.98808495E+03
      0.19400000E+04       0.20555856E+01       0.10439297E+04       0.98817130E+03
      0.19600000E+04       0.20672709E+01       0.10469809E+04       0.98824928E+03
      0.19800000E+04       0.20776976E+01       0.10497481E+04       0.98831963E+03
      0.20000000E+04       0.20869476E+01       0.10522533E+04       0.98838300E+03
      0.20200000E+04       0.20951050E+01       0.10545173E+04       0.98844001E+03
      0.20400000E+04       0.21022552E+01       0.10565601E+04       0.98849125E+03
      0.20600000E+04       0.21084828E+01       0.10584006E+04       0.98853725E+03
      0.20800000E+04       0.21138706E+01       0.10600565E+04       0.98857851E+03
      0.21000000E+04       0.21184985E+01       0.10615442E+04       0.98861546E+03
      0.21200000E+04       0.21224426E+01       0.10628793E+04       0.98864854E+03
      0.21400000E+04       0.21257747E+01       0.10640760E+04       0.98867812E+03
      0.21600000E+04       0.21285621E+01       0.10651473E+04       0.98870455E+03
      0.21800000E+04       0.21308671E+01       0.10661055E+04       0.98872814E+03
      0.22000000E+04       0.21327470E+01       0.10669616E+04       0.98874918E+03
      0.22200000E+04       0.21342544E+01       0.10677258E+04       0.98876794E+03
      0.22400000E+04       0.21354369E+01       0.10684072E+04       0.98878465E+03
      0.22600000E+04       0.21363377E+01       0.10690144E+04       0.98879951E+03
      0.22800000E+04       0.21369956E+01       0.10695549E+04       0.98881273E+03
      0.23000000E+04       0.21374454E+01       0.10700356E+04       0.98882448E+03
      0.23200000E+04       0.21377178E+01       0.10704627E+04       0.98883491E+03
      0.23400000E+04       0.21378404E+01       0.10708420E+04       0.98884417E+03
      0.23600000E+04       0.21378373E+01       0.10711785E+04       0.98885238E+03
      0.23800000E+04       0.21377299E+01       0.10714768E+04       0.98885965E+03
      0.24000000E+04       0.21375368E+01       0.10717410E+04       0.98886608E+03
      0.24200000E+04       0.21372743E+01       0.10719748E+04       0.98887178E+03
      0.24400000E+04       0.21369563E+01       0.10721815E+04       0.98887681E+03
      0.24600000E+04       0.21365953E+01       0.10723640E+04       0.98888125E+03
      0.24800000E+04       0.21362016E+01       0.10725252E+04       0.98888517E+03
      0.25000000E+04       0.21357842E+01       0.10726672E+04       0.98888863E+03
      0.25200000E+04       0.21353508E+01       0.10727923E+04       0.98889167E+03
      0.25400000E+04       0.21349079E+01       0.10729024E+04       0.98889435E+03
      0.25600000E+04       0.21344609E+01       0.10729992E+04       0.98889670E+03
      0.25800000E+04       0.21340142E+01       0.10730841E+04       0.98889877E+03
      0.26000000E+04       0.21335718E+01       0.10731586E+04       0.98890058E+03
      0.26200000E+04       0.21331365E+01       0.10732238E+04       0.98890216E+03
      0.26400000E+04       0.21327109E+01       0.10732808E+04       0.98890355E+03
      0.26600000E+04       0.21322969E+01       0.10733306E+04       0.98890476E+03
      0.26800000E+04       0.21318961E+01       0.10733740E+04       0.98890581E+03
      0.27000000E+04       0.21315096E+01       0.10734118E+04       0.98890673E+03
      0.27200000E+04       0.21311381E+01       0.10734446E+04       0.98890753E+03
      0.27400000E+04       0.21307822E+01       0.10734730E+04       0.98890822E+03
      0.27600000E+04       0.21304423E+01       0.10734976E+04       0.98890882E+03
      0.27800000E+04       0.21301184E+01       0.10735188E+04       0.98890934E+03
      0.28000000E+04       0.21298105E+01       0.10735371E+04       0.98890978E+03
      0.28200000E+04       0.21295185E+01       0.10735528E+04       0.98891016E+03
      0.28400000E+04       0.21292420E+01       0.10735662E+04       0.98891049E+03
      0.28600000E+04       0.21289807E+01       0.10735776E+04       0.98891077E+03
      0.28800000E+04       0.21287342E+01       0.10735873E+04       0.98891100E+03
      0.29000000E+04       0.21285019E+01       0.10735955E+04       0.98891120E+03
      0.29200000E+04       0.21282834E+01       0.10736023E+04       0.98891137E+03
      0.29400000E+04       0.21280782E+01       0.10736081E+04       0.98891151E+03
      0.29600000E+04       0.21278855E+01       0.10736128E+04       0.98891162E+03
      0.29800000E+04       0.21277050E+01       0.10736167E+04       0.98891172E+03
      0.30000000E+04       0.21275360E+01       0.10736199E+04       0.98891180E+03
      0.30200000E+04       0.21273779E+01       0.10736224E+04       0.98891186E+03
      0.30400000E+04       0.21272301E+01       0.10736244E+04       0.98891191E+03
      0.30600000E+04       0.21270922E+01       0.10736259E+04       0.98891194E+03
      0.30800000E+04       0.21269635E+01       0.10736270E+04       0.98891197E+03
      0.31000000E+04       0.21268436E+01       0.10736278E+04       0.98891199E+03
      0.31200000E+04       0.21267318E+01       0.10736284E+04       0.98891200E+03
      0.31400000E+04       0.21266278E+01       0.10736286E+04       0.98891201E+03
      0.31600000E+04       0.21265311E+01       0.10736287E+04       0.98891201E+03
      0.31800000E+04       0.21264412E+01       0.10736286E+04       0.98891201E+03
      0.32000000E+04       0.21263577E+01       0.10736284E+04       0.98891201E+03
      0.32200000E+04       0.21262801E+01       0.10736281E+04       0.98891200E+03
      0.32400000E+04       0.21262082E+01       0.10736277E+04       0.98891199E+03
      0.32600000E+04       0.21261414E+01       0.10736272E+04       0.98891198E+03
      0.32800000E+04       0.21260796E+01       0.10736267E+04       0.98891197E+03
      0.33000000E+04       0.21260222E+01       0.10736262E+04       0.98891195E+03
      0.33200000E+04       0.21259692E+01       0.10736256E+04       0.98891194E+03
      0.33400000E+04       0.21259200E+01       0.10736250E+04       0.98891192E+03
      0.33600000E+04       0.21258746E+01       0.10736244E+04       0.98891191E+03
      0.33800000E+04       0.21258325E+01       0.10736238E+04       0.98891190E+03
      0.34000000E+04       0.21257936E+01       0.10736232E+04       0.98891188E+03
      0.34200000E+04       0.21257577E+01       0.10736226E+04       0.98891187E+03
      0.34400000E+04       0.21257245E+01       0.10736220E+04       0.98891185E+03
      0.34600000E+04       0.21256938E+01       0.10736214E+04       0.98891184E+03
      0.34800000E+04       0.21256655E+01       0.10736209E+04       0.98891183E+03
      0.35000000E+04       0.21256394E+01       0.10736203E+04       0.98891181E+03
      0.35200000E+04       0.21256153E+01       0.10736198E+04       0.98891180E+03
      0.35400000E+04       0.21255931E+01       0.10736193E+04       0.98891179E+03
      0.35600000E+04       0.21255726E+01       0.10736189E+04       0.98891178E+03
      0.35800000E+04       0.21255537E+01       0.10736184E+04       0.98891177E+03
      0.36000000E+04       0.21255363E+01       0.10736180E+04       0.98891176E+03
      0.36200000E+04       0.21255202E+01       0.10736176E+04       0.98891175E+03
      0.36400000E+04       0.21255055E+01       0.10736172E+04       0.98891174E+03
      0.36600000E+04       0.21254919E+01       0.10736169E+04       0.98891173E+03
      0.36800000E+04       0.21254793E+01       0.10736165E+04       0.98891172E+03
      0.37000000E+04       0.21254678E+01       0.10736162E+04       0.98891171E+03
      0.37200000E+04       0.21254572E+01       0.10736159E+04       0.98891171E+03
      0.37400000E+04       0.21254474E+01       0.10736156E+04       0.98891170E+03
      0.37600000E+04       0.21254384E+01       0.10736154E+04       0.98891169E+03
      0.37800000E+04       0.21254302E+01       0.10736151E+04       0.98891169E+03
      0.38000000E+04       0.21254226E+01       0.10736149E+04       0.98891168E+03
      0.38200000E+04       0.21254156E+01       0.10736147E+04       0.98891168E+03
      0.38400000E+04       0.21254092E+01       0.10736145E+04       0.98891167E+03
      0.38600000E+04       0.21254033E+01       0.10736143E+04       0.98891167E+03
      0.38800000E+04       0.21253979E+01       0.10736141E+04       0.98891166E+03
      0.39000000E+04       0.21253929E+01       0.10736139E+04       0.98891166E+03
      0.39200000E+04       0.21253884E+01       0.10736138E+04       0.98891165E+03
      0.39400000E+04       0.21253842E+01       0.10736136E+04       0.98891165E+03
      0.39600000E+04       0.21253803E+01       0.10736135E+04       0.98891165E+03
      0.39800000E+04       0.21253768E+01       0.10736134E+04       0.98891164E+03
      0.40000000E+04       0.21253735E+01       0.10736133E+04       0.98891164E+03
      0.40200000E+04       0.21253706E+01       0.10736132E+04       0.98891164E+03
      0.40400000E+04       0.21253678E+01       0.10736131E+04       0.98891164E+03
      0.40600000E+04       0.21253653E+01       0.10736130E+04       0.98891163E+03
      0.40800000E+04       0.21253630E+01       0.10736129E+04       0.98891163E+03
      0.41000000E+04       0.21253609E+01       0.10736128E+04       0.98891163E+03
      0.41200000E+04       0.21253590E+01       0.10736127E+04       0.98891163E+03
      0.41400000E+04       0.21253572E+01       0.10736127E+04       0.98891163E+03
      0.41600000E+04       0.21253556E+01       0.10736126E+04       0.98891163E+03
      0.41800000E+04       0.21253541E+01       0.10736125E+04       0.98891162E+03
      0.42000000E+04       0.21253527E+01       0.10736125E+04       0.98891162E+03
      0.42200000E+04       0.21253515E+01       0.10736124E+04       0.98891162E+03
      0.42400000E+04       0.21253503E+01       0.10736124E+04       0.98891162E+03
      0.42600000E+04       0.21253493E+01       0.10736123E+04       0.98891162E+03
      0.42800000E+04       0.21253483E+01       0.10736123E+04       0.98891162E+03
      0.43000000E+04       0.21253474E+01       0.10736123E+04       0.98891162E+03
      0.43200000E+04       0.21253466E+01       0.10736122E+04       0.98891162E+03
      0.43400000E+04       0.21253459E+01       0.10736122E+04       0.98891162E+03
      0.43600000E+04       0.21253452E+01       0.10736122E+04       0.98891162E+03
      0.43800000E+04       0.21253446E+01       0.10736122E+04       0.98891162E+03
      0.44000000E+04       0.21253440E+01       0.10736121E+04       0.98891161E+03
      0.44200000E+04       0.21253435E+01       0.10736121E+04       0.98891161E+03
      0.44400000E+04       0.21253430E+01       0.10736121E+04       0.98891161E+03
      0.44600000E+04       0.21253426E+01       0.10736121E+04       0.98891161E+03
      0.44800000E+04       0.21253422E+01       0.10736121E+04       0.98891161E+03
      0.45000000E+04       0.21253418E+01       0.10736120E+04       0.98891161E+03
      0.45200000E+04       0.21253415E+01       0.10736120E+04       0.98891161E+03
      0.45400000E+04       0.21253412E+01       0.10736120E+04       0.98891161E+03
      0.45600000E+04       0.21253409E+01       0.10736120E+04       0.98891161E+03
      0.45800000E+04       0.21253406E+01       0.10736120E+04       0.98891161E+03
      0.46000000E+04       0.21253404E+01       0.10736120E+04       0.98891161E+03
      0.46200000E+04       0.21253402E+01       0.10736120E+04       0.98891161E+03
      0.46400000E+04       0.21253400E+01       0.10736120E+04       0.98891161E+03
      0.46600000E+04       0.21253398E+01       0.10736120E+04       0.98891161E+03
      0.46800000E+04       0.21253397E+01       0.10736119E+04       0.98891161E+03
      0.47000000E+04       0.21253395E+01       0.10736119E+04       0.98891161E+03
      0.47200000E+04       0.21253394E+01       0.10736119E+04       0.98891161E+03
      0.47400000E+04       0.21253392E+01       0.10736119E+04       0.98891161E+03
      0.47600000E+04       0.21253391E+01       0.10736119E+04       0.98891161E+03
      0.47800000E+04       0.21253390E+01       0.10736119E+04       0.98891161E+03
      0.48000000E+04       0.21253389E+01       0.10736119E+04       0.98891161E+03
      0.48200000E+04       0.21253388E+01       0.10736119E+04       0.98891161E+03
      0.48400000E+04       0.21253388E+01       0.10736119E+04       0.98891161E+03
      0.48600000E+04       0.21253387E+01       0.10736119E+04       0.98891161E+03
      0.48800000E+04       0.21253386E+01       0.10736119E+04       0.98891161E+03
      0.49000000E+04       0.21253386E+01       0.10736119E+04       0.98891161E+03
      0.49200000E+04       0.21253385E+01       0.10736119E+04       0.98891161E+03
      0.49400000E+04       0.21253385E+01       0.10736119E+04       0.98891161E+03
      0.49600000E+04       0.21253384E+01       0.10736119E+04       0.98891161E+03
      0.49800000E+04       0.21253384E+01       0.10736119E+04       0.98891161E+03
      0.50000000E+04       0.21253383E+01       0.10736119E+04       0.98891161E+03
      0.50200000E+04       0.21253383E+01       0.10736119E+04       0.98891161E+03
      0.50400000E+04       0.21253383E+01       0.10736119E+04       0.98891161E+03
      0.50600000E+04       0.21253382E+01       0.10736119E+04       0.98891161E+03
      0.50800000E+04       0.21253382E+01       0.10736119E+04       0.98891161E+03
      0.51000000E+04       0.21253382E+01       0.10736119E+04       0.98891161E+03
      0.51200000E+04       0.21253382E+01       0.10736119E+04       0.98891161E+03
      0.51400000E+04       0.21253381E+01       0.10736119E+04       0.98891161E+03
      0.51600000E+04       0.21253381E+01       0.10736119E+04       0.98891161E+03
      0.51800000E+04       0.21253381E+01       0.10736119E+04       0.98891161E+03
      0.52000000E+04       0.21253381E+01       0.10736119E+04       0.98891161E+03
      0.52200000E+04       0.21253381E+01       0.10736119E+04       0.98891161E+03
      0.52400000E+04       0.21253381E+01       0.10736119E+04       0.98891161E+03
      0.52600000E+04       0.21253380E+01       0.10736119E+04       0.98891161E+03
      0.52800000E+04       0.21253380E+01       0.10736119E+04       0.98891161E+03
      0.53000000E+04       0.21253380E+01       0.10736119E+04       0.98891161E+03
      0.53200000E+04       0.21253380E+01       0.10736119E+04       0.98891161E+03
      0.53400000E+04       0.21253380E+01       0.10736119E+04       0.98891161E+03
      0.53600000E+04       0.21253380E+01       0.10736119E+04       0.98891161E+03
      0.53800000E+04       0.21253380E+01       0.10736119E+04       0.98891161E+03
      0.54000000E+04       0.21253380E+01       0.10736119E+04       0.98891161E+03
      0.54200000E+04       0.21253380E+01       0.10736119E+04       0.98891161E+03
      0.54400000E+04       0.21253380E+01       0.10736119E+04       0.98891161E+03
      0.54600000E+04       0.21253380E+01       0.10736119E+04       0.98891161E+03
      0.54800000E+04       0.21253380E+01       0.10736119E+04       0.98891161E+03
      0.55000000E+04       0.21253380E+01       0.10736119E+04       0.98891161E+03
      0.55200000E+04       0.21253380E+01       0.10736119E+04       0.98891161E+03
      0.55400000E+04       0.21253380E+01       0.10736119E+04       0.98891161E+03
      0.55600000E+04       0.21253380E+01       0.10736119E+04       0.98891161E+03
      0.55800000E+04       0.21253380E+01       0.10736119E+04       0.98891161E+03
      0.56000000E+04       0.21253379E+01       0.10736119E+04       0.98891161E+03
      0.56200000E+04       0.21253379E+01       0.10736119E+04       0.98891161E+03
      0.56400000E+04       0.21253379E+01       0.10736119E+04       0.98891161E+03
      0.56600000E+04       0.21253379E+01       0.10736119E+04       0.98891161E+03
      0.56800000E+04       0.21253379E+01       0.10736119E+04       0.98891161E+03
      0.57000000E+04       0.21253379E+01       0.10736119E+04       0.98891161E+03
      0.57200000E+04       0.21253379E+01       0.10736119E+04       0.98891161E+03
      0.57400000E+04       0.21253379E+01       0.10736119E+04       0.98891161E+03
      0.57600000E+04       0.21253379E+01       0.10736119E+04       0.98891161E+03
      0.57800000E+04       0.21253379E+01       0.10736119E+04       0.98891161E+03
      0.58000000E+04       0.21253379E+01       0.10736119E+04       0.98891161E+03
      0.58200000E+04       0.21253379E+01       0.10736119E+04       0.98891161E+03
      0.58400000E+04       0.21253379E+01       0.10736119E+04       0.98891161E+03
      0.58600000E+04       0.21253379E+01       0.10736119E+04       0.98891161E+03
      0.58800000E+04       0.21253379E+01       0.10736119E+04       0.98891161E+03
      0.59000000E+04       0.21253379E+01       0.10736119E+04       0.98891161E+03
      0.59200000E+04       0.21253379E+01       0.10736119E+04       0.98891161E+03
      0.59400000E+04       0.21253379E+01       0.10736119E+04       0.98891161E+03
      0.59600000E+04       0.21253379E+01       0.10736119E+04       0.98891161E+03
      0.59800000E+04       0.21253379E+01       0.10736119E+04       0.98891161E+03
      0.60000000E+04       0.21253379E+01       0.10736119E+04       0.98891161E+03
      0.60200000E+04       0.21253379E+01       0.10736119E+04       0.98891161E+03
      0.60400000E+04       0.21253379E+01       0.10736119E+04       0.98891161E+03
      0.60600000E+04       0.21253379E+01       0.10736119E+04       0.98891161E+03
      0.60800000E+04       0.21253379E+01       0.10736119E+04       0.98891161E+03
      0.61000000E+04       0.21253379E+01       0.10736119E+04       0.98891161E+03
      0.61200000E+04       0.21253379E+01       0.10736119E+04       0.98891161E+03
      0.61400000E+04       0.21253379E+01       0.10736119E+04       0.98891161E+03
      0.61600000E+04       0.21253379E+01       0.10736119E+04       0.98891161E+03
      0.61800000E+04       0.21253379E+01       0.10736119E+04       0.98891161E+03
      0.62000000E+04       0.21253379E+01       0.10736119E+04       0.98891161E+03
      0.62200000E+04       0.21253379E+01       0.10736119E+04       0.98891161E+03
      0.62400000E+04       0.21253379E+01       0.10736119E+04       0.98891161E+03
      0.62600000E+04       0.21253379E+01       0.10736119E+04       0.98891161E+03
      0.62800000E+04       0.21253379E+01       0.10736119E+04       0.98891161E+03
      0.63000000E+04       0.21253379E+01       0.10736119E+04       0.98891161E+03
      0.63200000E+04       0.21253379E+01       0.10736119E+04       0.98891161E+03
      0.63400000E+04       0.21253379E+01       0.10736119E+04       0.98891161E+03
      0.63600000E+04       0.21253379E+01       0.10736119E+04       0.98891161E+03
      0.63800000E+04       0.21253379E+01       0.10736119E+04       0.98891161E+03
      0.64000000E+04       0.21253379E+01       0.10736119E+04       0.98891161E+03
      0.64200000E+04       0.21253379E+01       0.10736119E+04       0.98891161E+03
      0.64400000E+04       0.21253379E+01       0.10736119E+04       0.98891161E+03
      0.64600000E+04       0.21253379E+01       0.10736119E+04       0.98891161E+03
      0.64800000E+04       0.21253379E+01       0.10736119E+04       0.98891161E+03
      0.65000000E+04       0.21253379E+01       0.10736119E+04       0.98891161E+03
      0.65200000E+04       0.21253379E+01       0.10736119E+04       0.98891161E+03
      0.65400000E+04       0.21253379E+01       0.10736119E+04       0.98891161E+03
      0.65600000E+04       0.21253379E+01       0.10736119E+04       0.98891161E+03
      0.65800000E+04       0.21253379E+01       0.10736119E+04       0.98891161E+03
      0.66000000E+04       0.21253379E+01       0.10736119E+04       0.98891161E+03
      0.66200000E+04       0.21253379E+01       0.10736119E+04       0.98891161E+03
      0.66400000E+04       0.21253379E+01       0.10736119E+04       0.98891161E+03
      0.66600000E+04       0.21253379E+01       0.10736119E+04       0.98891161E+03
      0.66800000E+04       0.21253379E+01       0.10736119E+04       0.98891161E+03
      0.67000000E+04       0.21253379E+01       0.10736119E+04       0.98891161E+03
      0.67200000E+04       0.21253379E+01       0.10736119E+04       0.98891161E+03
      0.67400000E+04       0.21253379E+01       0.10736119E+04       0.98891161E+03
      0.67600000E+04       0.21253379E+01       0.10736119E+04       0.98891161E+03
      0.67800000E+04       0.21253379E+01       0.10736119E+04       0.98891161E+03
      0.68000000E+04       0.21253379E+01       0.10736119E+04       0.98891161E+03
      0.68200000E+04       0.21253379E+01       0.10736119E+04       0.98891161E+03
      0.68400000E+04       0.21253379E+01       0.10736119E+04       0.98891161E+03
      0.68600000E+04       0.21253379E+01       0.10736119E+04       0.98891161E+03
      0.68800000E+04       0.21253379E+01       0.10736119E+04       0.98891161E+03
      0.69000000E+04       0.21253379E+01       0.10736119E+04       0.98891161E+03
      0.69200000E+04       0.21253379E+01       0.10736119E+04       0.98891161E+03
      0.69400000E+04       0.21253379E+01       0.10736119E+04       0.98891161E+03
      0.69600000E+04       0.21253379E+01       0.10736119E+04       0.98891161E+03
      0.69800000E+04       0.21253379E+01       0.10736119E+04       0.98891161E+03
      0.70000000E+04       0.21253379E+01       0.10736119E+04       0.98891161E+03
      0.70200000E+04       0.21253379E+01       0.10736119E+04       0.98891161E+03
      0.70400000E+04       0.21253379E+01       0.10736119E+04       0.98891161E+03
      0.70600000E+04       0.21253379E+01       0.10736119E+04       0.98891161E+03
      0.70800000E+04       0.21253379E+01       0.10736119E+04       0.98891161E+03
      0.71000000E+04       0.21253379E+01       0.10736119E+04       0.98891161E+03
      0.71200000E+04       0.21253379E+01       0.10736119E+04       0.98891161E+03
      0.71400000E+04       0.21253379E+01       0.10736119E+04       0.98891161E+03
      0.71600000E+04       0.21253379E+01       0.10736119E+04       0.98891161E+03
      0.71800000E+04       0.21253379E+01       0.10736119E+04       0.98891161E+03
      0.72000000E+04       0.21253379E+01       0.10736119E+04       0.98891161E+03
      0.72200000E+04       0.21253379E+01       0.10736119E+04       0.98891161E+03
      0.72400000E+04       0.21253379E+01       0.10736119E+04       0.98891161E+03
      0.72600000E+04       0.21253379E+01       0.10736119E+04       0.98891161E+03
      0.72800000E+04       0.21253379E+01       0.10736119E+04       0.98891161E+03
      0.73000000E+04       0.21253379E+01       0.10736119E+04       0.98891161E+03
      0.73200000E+04       0.21253379E+01       0.10736119E+04       0.98891161E+03
      0.73400000E+04       0.21253379E+01       0.10736119E+04       0.98891161E+03
      0.73600000E+04       0.21253379E+01       0.10736119E+04       0.98891161E+03
      0.73800000E+04       0.21253379E+01       0.10736119E+04       0.98891161E+03
      0.74000000E+04       0.21253379E+01       0.10736119E+04       0.98891161E+03
      0.74200000E+04       0.21253379E+01       0.10736119E+04       0.98891161E+03
      0.74400000E+04       0.21253379E+01       0.10736119E+04       0.98891161E+03
      0.74600000E+04       0.21253379E+01       0.10736119E+04       0.98891161E+03
      0.74800000E+04       0.21253379E+01       0.10736119E+04       0.98891161E+03
      0.75000000E+04       0.21253379E+01       0.10736119E+04       0.98891161E+03
      0.75200000E+04       0.21253379E+01       0.10736119E+04       0.98891161E+03
      0.75400000E+04       0.21253379E+01       0.10736119E+04       0.98891161E+03
      0.75600000E+04       0.21253379E+01       0.10736119E+04       0.98891161E+03
      0.75800000E+04       0.21253379E+01       0.10736119E+04       0.98891161E+03
      0.76000000E+04       0.21253379E+01       0.10736119E+04       0.98891161E+03
      0.76200000E+04       0.21253379E+01       0.10736119E+04       0.98891161E+03
      0.76400000E+04       0.21253379E+01       0.10736119E+04       0.98891161E+03
      0.76600000E+04       0.21253379E+01       0.10736119E+04       0.98891161E+03
      0.76800000E+04       0.21253379E+01       0.10736119E+04       0.98891161E+03
      0.77000000E+04       0.21253379E+01       0.10736119E+04       0.98891161E+03
      0.77200000E+04       0.21253379E+01       0.10736119E+04       0.98891161E+03
      0.77400000E+04       0.21253379E+01       0.10736119E+04       0.98891161E+03
      0.77600000E+04       0.21253379E+01       0.10736119E+04       0.98891161E+03
      0.77800000E+04       0.21253379E+01       0.10736119E+04       0.98891161E+03
      0.78000000E+04       0.21253379E+01       0.10736119E+04       0.98891161E+03
      0.78200000E+04       0.21253379E+01       0.10736119E+04       0.98891161E+03
      0.78400000E+04       0.21253379E+01       0.10736119E+04       0.98891161E+03
      0.78600000E+04       0.21253379E+01       0.10736119E+04       0.98891161E+03
      0.78800000E+04       0.21253379E+01       0.10736119E+04       0.98891161E+03
      0.79000000E+04       0.21253379E+01       0.10736119E+04       0.98891161E+03
      0.79200000E+04       0.21253379E+01       0.10736119E+04       0.98891161E+03
      0.79400000E+04       0.21253379E+01       0.10736119E+04       0.98891161E+03
      0.79600000E+04       0.21253379E+01       0.10736119E+04       0.98891161E+03
      0.79800000E+04       0.21253379E+01       0.10736119E+04       0.98891161E+03
      0.80000000E+04       0.21253379E+01       0.10736119E+04       0.98891161E+03
      0.80200000E+04       0.21253379E+01       0.10736119E+04       0.98891161E+03
      0.80400000E+04       0.21253379E+01       0.10736119E+04       0.98891161E+03
      0.80600000E+04       0.21253379E+01       0.10736119E+04       0.98891161E+03
      0.80800000E+04       0.21253379E+01       0.10736119E+04       0.98891161E+03
      0.81000000E+04       0.21253379E+01       0.10736119E+04       0.98891161E+03
      0.81200000E+04       0.21253379E+01       0.10736119E+04       0.98891161E+03
      0.81400000E+04       0.21253379E+01       0.10736119E+04       0.98891161E+03
      0.81600000E+04       0.21253379E+01       0.10736119E+04       0.98891161E+03
      0.81800000E+04       0.21253379E+01       0.10736119E+04       0.98891161E+03
      0.82000000E+04       0.21253379E+01       0.10736119E+04       0.98891161E+03
      0.82200000E+04       0.21253379E+01       0.10736119E+04       0.98891161E+03
      0.82400000E+04       0.21253379E+01       0.10736119E+04       0.98891161E+03
      0.82600000E+04       0.21253379E+01       0.10736119E+04       0.98891161E+03
      0.82800000E+04       0.21253379E+01       0.10736119E+04       0.98891161E+03
      0.83000000E+04       0.21253379E+01       0.10736119E+04       0.98891161E+03
      0.83200000E+04       0.21253379E+01       0.10736119E+04       0.98891161E+03
      0.83400000E+04       0.21253379E+01       0.10736119E+04       0.98891161E+03
      0.83600000E+04       0.21253379E+01       0.10736119E+04       0.98891161E+03
      0.83800000E+04       0.21253379E+01       0.10736119E+04       0.98891161E+03
      0.84000000E+04       0.21253379E+01       0.10736119E+04       0.98891161E+03
      0.84200000E+04       0.21253379E+01       0.10736119E+04       0.98891161E+03
      0.84400000E+04       0.21253379E+01       0.10736119E+04       0.98891161E+03
      0.84600000E+04       0.21253379E+01       0.10736119E+04       0.98891161E+03
      0.84800000E+04       0.21253379E+01       0.10736119E+04       0.98891161E+03
      0.85000000E+04       0.21253379E+01       0.10736119E+04       0.98891161E+03
      0.85200000E+04       0.21253379E+01       0.10736119E+04       0.98891161E+03
      0.85400000E+04       0.21253379E+01       0.10736119E+04       0.98891161E+03
      0.85600000E+04       0.21253379E+01       0.10736119E+04       0.98891161E+03
      0.85800000E+04       0.21253379E+01       0.10736119E+04       0.98891161E+03
      0.86000000E+04       0.21253379E+01       0.10736119E+04       0.98891161E+03
      0.86200000E+04       0.21253379E+01       0.10736119E+04       0.98891161E+03
      0.86400000E+04       0.21253379E+01       0.10736119E+04       0.98891161E+03
      0.86600000E+04       0.21253379E+01       0.10736119E+04       0.98891161E+03
      0.86800000E+04       0.21253379E+01       0.10736119E+04       0.98891161E+03
      0.87000000E+04       0.21253379E+01       0.10736119E+04       0.98891161E+03
      0.87200000E+04       0.21253379E+01       0.10736119E+04       0.98891161E+03
      0.87400000E+04       0.21253379E+01       0.10736119E+04       0.98891161E+03
      0.87600000E+04       0.21253379E+01       0.10736119E+04       0.98891161E+03
      0.87800000E+04       0.21253379E+01       0.10736119E+04       0.98891161E+03
      0.88000000E+04       0.21253379E+01       0.10736119E+04       0.98891161E+03
      0.88200000E+04       0.21253379E+01       0.10736119E+04       0.98891161E+03
      0.88400000E+04       0.21253379E+01       0.10736119E+04       0.98891161E+03
      0.88600000E+04       0.21253379E+01       0.10736119E+04       0.98891161E+03
      0.88800000E+04       0.21253379E+01       0.10736119E+04       0.98891161E+03
      0.89000000E+04       0.21253379E+01       0.10736119E+04       0.98891161E+03
      0.89200000E+04       0.21253379E+01       0.10736119E+04       0.98891161E+03
      0.89400000E+04       0.21253379E+01       0.10736119E+04       0.98891161E+03
      0.89600000E+04       0.21253379E+01       0.10736119E+04       0.98891161E+03
      0.89800000E+04       0.21253379E+01       0.10736119E+04       0.98891161E+03
      0.90000000E+04       0.21253379E+01       0.10736119E+04       0.98891161E+03
      0.90200000E+04       0.21253379E+01       0.10736119E+04       0.98891161E+03
      0.90400000E+04       0.21253379E+01       0.10736119E+04       0.98891161E+03
      0.90600000E+04       0.21253379E+01       0.10736119E+04       0.98891161E+03
      0.90800000E+04       0.21253379E+01       0.10736119E+04       0.98891161E+03
      0.91000000E+04       0.21253379E+01       0.10736119E+04       0.98891161E+03
      0.91200000E+04       0.21253379E+01       0.10736119E+04       0.98891161E+03
      0.91400000E+04       0.21253379E+01       0.10736119E+04       0.98891161E+03
      0.91600000E+04       0.21253379E+01       0.10736119E+04       0.98891161E+03
      0.91800000E+04       0.21253379E+01       0.10736119E+04       0.98891161E+03
      0.92000000E+04       0.21253379E+01       0.10736119E+04       0.98891161E+03
      0.92200000E+04       0.21253379E+01       0.10736119E+04       0.98891161E+03
      0.92400000E+04       0.21253379E+01       0.10736119E+04       0.98891161E+03
      0.92600000E+04       0.21253379E+01       0.10736119E+04       0.98891161E+03
      0.92800000E+04       0.21253379E+01       0.10736119E+04       0.98891161E+03
      0.93000000E+04       0.21253379E+01       0.10736119E+04       0.98891161E+03
      0.93200000E+04       0.21253379E+01       0.10736119E+04       0.98891161E+03
      0.93400000E+04       0.21253379E+01       0.10736119E+04       0.98891161E+03
      0.93600000E+04       0.21253379E+01       0.10736119E+04       0.98891161E+03
      0.93800000E+04       0.21253379E+01       0.10736119E+04       0.98891161E+03
      0.94000000E+04       0.21253379E+01       0.10736119E+04       0.98891161E+03
      0.94200000E+04       0.21253379E+01       0.10736119E+04       0.98891161E+03
      0.94400000E+04       0.21253379E+01       0.10736119E+04       0.98891161E+03
      0.94600000E+04       0.21253379E+01       0.10736119E+04       0.98891161E+03
      0.94800000E+04       0.21253379E+01       0.10736119E+04       0.98891161E+03
      0.95000000E+04       0.21253379E+01       0.10736119E+04       0.98891161E+03
      0.95200000E+04       0.21253379E+01       0.10736119E+04       0.98891161E+03
      0.95400000E+04       0.21253379E+01       0.10736119E+04       0.98891161E+03
      0.95600000E+04       0.21253379E+01       0.10736119E+04       0.98891161E+03
      0.95800000E+04       0.21253379E+01       0.10736119E+04       0.98891161E+03
      0.96000000E+04       0.21253379E+01       0.10736119E+04       0.98891161E+03
      0.96200000E+04       0.21253379E+01       0.10736119E+04       0.98891161E+03
      0.96400000E+04       0.21253379E+01       0.10736119E+04       0.98891161E+03
      0.96600000E+04       0.21253379E+01       0.10736119E+04       0.98891161E+03
      0.96800000E+04       0.21253379E+01       0.10736119E+04       0.98891161E+03
      0.97000000E+04       0.21253379E+01       0.10736119E+04       0.98891161E+03
      0.97200000E+04       0.21253379E+01       0.10736119E+04       0.98891161E+03
      0.97400000E+04       0.21253379E+01       0.10736119E+04       0.98891161E+03
      0.97600000E+04       0.21253379E+01       0.10736119E+04       0.98891161E+03
      0.97800000E+04       0.21253379E+01       0.10736119E+04       0.98891161E+03
      0.98000000E+04       0.21253379E+01       0.10736119E+04       0.98891161E+03
      0.98200000E+04       0.21253379E+01       0.10736119E+04       0.98891161E+03
      0.98400000E+04       0.21253379E+01       0.10736119E+04       0.98891161E+03
      0.98600000E+04       0.21253379E+01       0.10736119E+04       0.98891161E+03
      0.98800000E+04       0.21253379E+01       0.10736119E+04       0.98891161E+03
      0.99000000E+04       0.21253379E+01       0.10736119E+04       0.98891161E+03
      0.99200000E+04       0.21253379E+01       0.10736119E+04       0.98891161E+03
      0.99400000E+04       0.21253379E+01       0.10736119E+04       0.98891161E+03
      0.99600000E+04       0.21253379E+01       0.10736119E+04       0.98891161E+03
      0.99800000E+04       0.21253379E+01       0.10736119E+04       0.98891161E+03
      0.10000000E+05       0.21253379E+01       0.10736119E+04       0.98891161E+03


