   0.0000000000000000        3.0000000000000000        0.0000000000000000        0.0000000000000000        0.0000000000000000     
   1.9814163697402739E-002   2.8136820444954362        1.8583585556242559E-004  0.18594628854480119        1.8583110415944934E-004
   3.9649915211402223E-002   2.6488119255883813        3.5008389452810377E-004  0.35048791160258552        3.5007891436078243E-004
   5.9503749320391527E-002   2.5019398464167182        4.9624933850396340E-004  0.49706765881323878        4.9624543168401924E-004
   7.9372871124080063E-002   2.3703076827466618        6.2712708778058651E-004  0.62843806579746486        6.2712436836040398E-004
   9.9255027054319156E-002   2.2516865865382143        7.4497071050666280E-004  0.74682347381293013        7.4496893862960323E-004
  0.11914838129329622        2.1442574755089692        8.5161602449476388E-004  0.85403929354882535        8.5161491765655556E-004
  0.13905142419102987        2.0465220369160910        9.4857267972627923E-004  0.95158081839575215        9.4857200830236808E-004
  0.15896290353341275        1.9572356829509927        1.0370928903085711E-003   1.0406901316671084        1.0370924917300162E-003
  0.17888177234164018        1.8753564776432676        1.1182236350462998E-003   1.1224070753194864        1.1182234023421054E-003
  0.19880714878259831        1.8000058161594266        1.1928467470533307E-003   1.1976084904803050        1.1928466129753456E-003
  0.21873828505852910        1.7304378477536340        1.2617100240877113E-003   1.2670387322745646        1.2617099476614020E-003
  0.23867454302966568        1.6660154732980534        1.3254516059162983E-003   1.3313336235332562        1.3254515627390635E-003
  0.25861537493930670        1.6061913367157861        1.3846192492404442E-003   1.3910394248100306        1.3846192250301483E-003
  0.27856030804431053        1.5504926462457675        1.4396856972017607E-003   1.4466279823732058        1.4396856837135847E-003
  0.29850893226277930        1.4985089595730021        1.4910610316981833E-003   1.4985089183710587        1.4910610242252363E-003
  0.31846089017316431        1.4498822823480162        1.5391026742783390E-003   1.5470395123075744        1.5391026701580923E-003
  0.33841586886100256        1.4042989869851246        1.5841235394052626E-003   1.5925327659383182        1.5841235371432138E-003
  0.35837359322865076        1.3614831746409910        1.6263987247222178E-003   1.6352640279108326        1.6263987234850362E-003
  0.37833382047187397        1.3211911896105126        1.6661710344641682E-003   1.6754764683211776        1.6661710337898031E-003
  0.39829633549346288        1.2832070601875833        1.7036555658404224E-003   1.7133856286812068        1.7036555654740043E-003
  0.41826094707418515        1.2473386890993203        1.7390435380833166E-003   1.7491832238245129        1.7390435378845165E-003
  0.43822748465956868        1.2134146540638329        1.7725055056649287E-003   1.7830403349249342        1.7725055055572577E-003
  0.45819579565035173        1.1812815078013577        1.8041940678470165E-003   1.8151101040629414        1.8041940677891220E-003
  0.47816574310710958        1.1508014891251823        1.8342461640543867E-003   1.8455300185466450        1.8342461640229344E-003
  0.49813720379724824        1.1218505741075211        1.8627850268808771E-003   1.8744238558387443        1.8627850268632228E-003
  0.51811006652638925        1.0943168099642089        1.8899218507050131E-003   1.9019033463343900        1.8899218506939004E-003
  0.53808423070710099        1.0680988850616848        1.9157572229584355E-003   1.9280696004922890        1.9157572229473228E-003
  0.55805960512660591        1.0431048970002728        1.9403823564186761E-003   1.9530143382869789        1.9403823564075632E-003
  0.57803610688197926        1.0192512875729856        1.9638801540104549E-003   1.9768209521189299        1.9638801539993310E-003
  0.59801366045695126       0.99646191885610169        1.9863261320036607E-003   1.9995654288781672        1.9863261319980879E-003
  0.61799219691883289       0.97466726914880275        2.0077892230871710E-003   2.0213171523983267        2.0077892230815982E-003
  0.63797165321780058       0.95380373102196692        2.0283324770846464E-003   2.0421396040176121        2.0283324770790736E-003
  0.65795197157362972       0.93381299670967444        2.0480136742207101E-003   2.0620909759357886        2.0480136742151373E-003
  0.67793309893742604       0.91464151844590358        2.0668858633895587E-003   2.0812247098215151        2.0668858633839859E-003
  0.69791498651791051       0.89624003330529356        2.0849978358702631E-003   2.0995899710172816        2.0849978358646903E-003
  0.71789758936340142       0.87856314375232958        2.1023945433444407E-003   2.1172320671554448        2.1023945433388683E-003
  0.73788086599201941       0.86156894643529758        2.1191174676917081E-003   2.1341928186240007        2.1191174676861353E-003
  0.75786477806375463       0.84521870288397172        2.1352049489216638E-003   2.1505108872130192        2.1352049489160910E-003
  0.77784929008898074       0.82947654670275961        2.1506924766606806E-003   2.1662220683389211        2.1506924766551078E-003
  0.79783436916878125       0.81430922263285566        2.1656129498253611E-003   2.1813595514626680        2.1656129498197887E-003
  0.81781998476311557       0.79968585351490273        2.1799969084561337E-003   2.1959541526635911        2.1799969084505609E-003
  0.83780610848341031       0.78557773173721768        2.1938727411266201E-003   2.2100345227759068        2.1938727411210477E-003
  0.85779271390662548       0.77195813222428367        2.2072668708765374E-003   2.2236273340295303        2.2072668708709646E-003
  0.87777977640825477       0.75880214441616323        2.2202039222124245E-003   2.2367574477351524        2.2202039222068517E-003
  0.89776727301204429       0.74608652103031359        2.2327068713881037E-003   2.2494480652226785        2.2327068713825313E-003
  0.91775518225451569       0.73378954168389443        2.2447971818818778E-003   2.2617208639482556        2.2447971818763050E-003
  0.93774348406262098       0.72189088970230775        2.2564949267417020E-003   2.2735961204402075        2.2564949267361292E-003
  0.95773215964306790       0.71037154065239405        2.2678188992599803E-003   2.2850928215452551        2.2678188992544079E-003
  0.97772119138204017       0.69921366131947482        2.2787867132529286E-003   2.2962287652501283        2.2787867132473562E-003
  0.99771056275419079       0.68840051800617452        2.2894148940674004E-003   2.3070206522020373        2.2894148940618281E-003
   1.0177002582399277       0.67791639316460239        2.2997189612956647E-003   2.3174841689092038        2.2997189612900923E-003
   1.0376902632501186       0.66774650949383929        2.3097135040700436E-003   2.3276340634943931        2.3097135040644708E-003
   1.0576805640574556       0.65787696073391633        2.3194122496981882E-003   2.3374842147632435        2.3194122496926158E-003
   1.0776711477338026       0.64829464847794993        2.3288281263163920E-003   2.3470476952659247        2.3288281263108197E-003
   1.0976620020929220       0.63898722440175115        2.3379733201620953E-003   2.3563368289545266        2.3379733201565230E-003
   1.1176531156380562       0.62994303737605972        2.3468593279928561E-003   2.3653632439645489        2.3468593279872834E-003
   1.1376444775138859       0.62115108498815519        2.3554970051284548E-003   2.3741379209984275        2.3554970051228820E-003
   1.1576360774624468       0.61260096904918382        2.3638966095326473E-003   2.3826712377287005        2.3638966095270745E-003
   1.1776279057826311       0.60428285471133147        2.3720678423135282E-003   2.3909730096009687        2.3720678423079554E-003
   1.1976199532929352       0.59618743285728060        2.3800198849745820E-003   2.3990525273697711        2.3800198849690097E-003
   1.2176122112971581       0.58830588546078788        2.3877614337168194E-003   2.4069185916688216        2.3877614337112466E-003
   1.2376046715527784       0.58062985364858455        2.3953007310616586E-003   2.4145795448862941        2.3953007310560858E-003
   1.2575973262417708       0.57315140822094324        2.4026455950345573E-003   2.4220433005860706        2.4026455950289845E-003
   1.2775901679436450       0.56586302241295283        2.4098034461255543E-003   2.4293173706920350        2.4098034461199815E-003
   1.2975831896105130       0.55875754670066913        2.4167813322226758E-003   2.4364088906322063        2.4167813322171030E-003
   1.3175763845440074       0.55182818547528845        2.4235859516933793E-003   2.4433246426186952        2.4235859516878069E-003
   1.3375697463738940       0.54506847542571479        2.4302236747719389E-003   2.4500710772221290        2.4302236747663665E-003
   1.3575632690382344       0.53847226548556604        2.4367005633967082E-003   2.4566543333852029        2.4367005633911354E-003
   1.3775569467649709       0.53203369821391178        2.4430223896254517E-003   2.4630802570041963        2.4430223896198793E-003
   1.3975507740548121       0.52574719249232893        2.4491946527493398E-003   2.4693544181997247        2.4491946527437670E-003
   1.4175447456653210       0.51960742742975041        2.4552225952057349E-003   2.4754821273773437        2.4552225952001630E-003
   1.4375388565960974       0.51360932737955722        2.4611112173943423E-003   2.4814684501832547        2.4611112173887695E-003
   1.4575331020749798       0.50774804797885009        2.4668652914771080E-003   2.4873182214358964        2.4668652914715357E-003
   1.4775274775451757       0.50201896313044636        2.4724893742465873E-003   2.4930360581186854        2.4724893742410145E-003
   1.4975219786532563       0.49641765285333295        2.4779878191311059E-003   2.4986263715054640        2.4779878191283087E-003
   1.5175166012379337       0.49093989193784893        2.4833647874188207E-003   2.5040933784844674        2.4833647874160239E-003
   1.5375113413195967       0.48558163933640242        2.4886242587209466E-003   2.5094411121431737        2.4886242587181494E-003
   1.5575061950904971       0.48033902824523456        2.4937700407856845E-003   2.5146734316704058        2.4937700407828872E-003
   1.5775011589055798       0.47520835681700480        2.4988057786681488E-003   2.5197940316229155        2.4988057786653520E-003
   1.5974962292738883       0.47018607946188995        2.5037349633248176E-003   2.5248064506087311        2.5037349633220203E-003
   1.6174914028505110       0.46526879869282434        2.5085609396674393E-003   2.5297140794252053        2.5085609396646421E-003
   1.6374866764290261       0.46045325747592858        2.5132869141172671E-003   2.5345201686929308        2.5132869141144699E-003
   1.6574820469344114       0.45573633205035546        2.5179159616973566E-003   2.5392278360235796        2.5179159616945594E-003
   1.6774775114163838       0.45111502518327140        2.5224510326899226E-003   2.5438400727487895        2.5224510326871253E-003
   1.6974730670431419       0.44658645983088541        2.5268949588969176E-003   2.5483597502486375        2.5268949588941204E-003
   1.7174687110954781       0.44214787317636650        2.5312504595260809E-003   2.5527896259020646        2.5312504595232841E-003
   1.7374644409612412       0.43779661101877110        2.5355201467281946E-003   2.5571323486851898        2.5355201467253973E-003
   1.7574602541301207       0.43353012248988720        2.5397065308138097E-003   2.5613904644460592        2.5397065308110124E-003
   1.7774561481887345       0.42934595507582940        2.5438120251650015E-003   2.5655664208714324        2.5438120251622047E-003
   1.7974521208159968       0.42524174992400099        2.5478389508680152E-003   2.5696625721717616        2.5478389508652183E-003
   1.8174481697787481       0.42121523741595857        2.5517895410818599E-003   2.5736811834994935        2.5517895410790631E-003
   1.8374442929276347       0.41726423298881832        2.5556659451604477E-003   2.5776244351184570        2.5556659451576509E-003
   1.8574404881932134       0.41338663318948621        2.5594702325467712E-003   2.5814944263429949        2.5594702325439740E-003
   1.8774367535822747       0.40958041194623085        2.5632043964507519E-003   2.5852931792585738        2.5632043964479547E-003
   1.8974330871743648       0.40584361704398242        2.5668703573259251E-003   2.5890226422391458        2.5668703573231279E-003
   1.9174294871184974       0.40217436679059659        2.5704699661583444E-003   2.5926846932748053        2.5704699661555472E-003
   1.9374259516300423       0.39857084686198085        2.5740050075785613E-003   2.5962811431206654        2.5740050075757641E-003
   1.9574224789877792       0.39503130731487601        2.5774772028069040E-003   2.5998137382772728        2.5774772028041067E-003
   1.9774190675311063       0.39155405975738822        2.5808882124449231E-003   2.6032841638155664        2.5808882124421259E-003
   1.9974157156573975       0.38813747466712711        2.5842396391189933E-003   2.6066940460523962        2.5842396391161965E-003
